169 104
57
135 64
3 22
139 79
19 92
3 98
128 74
146 52
37 8
37 6
119 30
47 57
67 48
38 22
85 74
77 87
31 99
147 62
151 24
92 37
92 95
95 42
82 75
152 3
163 74
103 4
128 88
144 67
105 12
84 94
106 16
152 102
23 77
165 36
17 93
72 65
73 36
26 79
132 64
43 78
55 75
27 83
29 85
57 25
39 14
39 79
155 14
45 24
41 82
141 32
129 74
55 28
121 45
134 67
126 101
11 96
40 3
9 74
84
50 28 5
56 11 6
113 16 1
16 77 3
82 71 4
114 69 9
134 93 2
102 13 4
92 73 2
108 35 13
113 3 12
7 20 2
125 38 4
154 102 6
3 65 3
21 54 2
43 62 10
60 65 2
125 41 5
70 70 4
11 72 12
54 24 3
122 35 9
151 101 7
148 46 8
83 55 9
139 58 12
82 83 1
9 30 5
17 102 4
14 39 1
82 6 10
17 73 6
83 7 2
23 94 8
142 84 1
100 84 5
109 64 9
55 14 9
106 64 5
58 94 2
56 83 13
110 16 10
161 95 5
88 92 10
159 97 6
62 16 2
148 47 9
55 48 10
129 25 3
46 9 1
77 24 7
111 79 13
2 37 8
57 23 4
43 76 7
95 22 11
125 33 4
13 44 12
70 27 1
29 62 5
109 94 7
122 58 5
30 32 12
168 81 8
7 32 8
91 32 2
140 93 1
89 14 12
147 32 12
93 101 6
58 91 13
141 85 5
76 72 11
68 35 5
99 35 10
135 71 1
69 81 8
141 50 11
138 36 5
112 32 2
121 42 5
49 82 9
136 42 12
0 0